.Random.seed <-
c(403L, 10L, 828395513L, 277911368L, -321015178L, -1438446671L, 
829142499L, 446958258L, 1065625348L, -827114425L, -663069923L, 
133661076L, -1980193478L, 1826453893L, -881403297L, -1580499738L, 
25227120L, 1963258003L, 573881649L, 1732742112L, 1324710014L, 
1939473161L, -2016099013L, -945776374L, -1800378132L, -1277438609L, 
353958565L, -116140964L, 730362930L, 1435439917L, 780192231L, 
1830786318L, -1976849688L, 360293611L, -1073742455L, -1314300648L, 
-1871265722L, 800893089L, 1388965683L, 1011261090L, 1327533460L, 
1517474839L, -616664051L, -115039964L, 208489738L, -558846859L, 
1676609487L, -57521962L, -1124284288L, -1399187773L, -117866399L, 
1726238928L, -1505277394L, -2024735783L, -633338901L, 2014732890L, 
-32558052L, 236187935L, 173064565L, 1764311052L, -374167070L, 
669520573L, 2091052343L, -1648119330L, -1740417256L, 132742779L, 
-2027910119L, -1405608792L, -723102122L, 1866953425L, -1380597117L, 
-1733519086L, -129065820L, 1147382887L, -2090949187L, -1841064140L, 
1745798298L, -1041569051L, -1866255233L, -1223422458L, 1140013456L, 
458064947L, 633179089L, 25575808L, 1022536798L, -338490455L, 
-282824101L, -945912214L, 334236428L, 363789647L, -1043446267L, 
1844063420L, 1199730066L, -1116830067L, 2043346119L, 2041190830L, 
-1494367224L, 1951725579L, -1117639447L, -322991176L, 536474726L, 
530453761L, 1301279635L, 926307394L, -732984332L, 99419639L, 
620952045L, 610507396L, 1095597226L, 459196949L, -797059409L, 
-1445981002L, 430621408L, 9248291L, 1466229057L, -637150160L, 
-1585863090L, 256119481L, 41322187L, 560209786L, -422680964L, 
1833444031L, 1394574229L, -6544468L, -1101395582L, -23802019L, 
-1122786729L, 104655166L, -1219516040L, -319643045L, -1108974151L, 
17397768L, 1566558902L, -2004467215L, 150992931L, -1495295886L, 
178170564L, 1100577927L, -839200675L, 1408054868L, 991016058L, 
-11370555L, 1707245855L, -1026887514L, 916836912L, -768948013L, 
-731183375L, 996861472L, -1389301570L, 1375442121L, -161227141L, 
2042842186L, 1215591596L, -395250769L, 2107078501L, -129987300L, 
-1089931918L, -1894859283L, -1134865881L, -260464050L, 1600382632L, 
-1083515733L, -295821879L, -353037864L, 2104273030L, -1383983775L, 
-1022547725L, 134395746L, -1710169644L, -1664015145L, 1242130125L, 
-831549852L, -1808675766L, 1952180661L, -1422494449L, 60752406L, 
-70361920L, -1593787773L, -1289484639L, 1477773456L, 1110582126L, 
65506585L, 349576619L, -898024550L, -1080102052L, -1514401185L, 
1838750261L, 1605165516L, 782604578L, -1728652419L, -1673578377L, 
1113066910L, -1093622696L, -2077941317L, 2106619737L, 1975465192L, 
1580727574L, -1862828399L, -293883069L, -1319481774L, -1447517980L, 
-782019801L, -770324611L, 646310516L, 591926362L, -2085319515L, 
1528788671L, -1110307514L, -266578992L, -1663910413L, 361388305L, 
274834752L, 1100866846L, -1400913431L, -384044261L, -1699963606L, 
-176818612L, 1329320463L, 798188869L, 1777264380L, -247481006L, 
2121151181L, 585206407L, -242397842L, 427673416L, -1180597429L, 
1136126633L, -1105993736L, -1074188506L, 369061250L, -1020134168L, 
-1452012308L, 1434372156L, 865123442L, -273105808L, 1777451556L, 
1234212408L, -1425759718L, -1230572336L, -1384184260L, -213970796L, 
-1684489086L, 675109824L, 537932092L, -157573488L, 50304034L, 
-2103975928L, 385197196L, -1974893540L, -285233006L, 1019733120L, 
-621138924L, 1361229608L, 267851834L, 1126361296L, 100755564L, 
-987898188L, 685354002L, -240241696L, -1683790900L, -1986858528L, 
-805263326L, 1423811880L, -665005812L, -881950148L, 787253490L, 
-759706384L, 1762236228L, -2089980840L, -581974470L, 23302384L, 
2066622140L, 512975380L, 1072540866L, 1581603424L, -1824448132L, 
2086702288L, -719542238L, -1272757080L, -1022520948L, 1541624252L, 
-1414898638L, -1636100288L, -1958686028L, -247366328L, 1301096122L, 
-1989750000L, -146884372L, -1695155116L, 1706646290L, 2103360928L, 
-329345076L, -1584143520L, -811160382L, 920568360L, -1156649556L, 
-1666450628L, -2056380558L, 31645488L, -1307397084L, -13503944L, 
-1942968614L, 1071698832L, 899041532L, 1716371860L, -369806526L, 
2076334592L, 973534268L, -256484784L, 2113287330L, -732244152L, 
1293655564L, 860278492L, -1868623790L, 830914688L, 279407444L, 
-1690381336L, -2106211590L, -217321648L, 1685860396L, 1062699380L, 
2106188434L, -801361312L, -249670516L, -1313266336L, -895637278L, 
552300712L, 157829836L, -1097271812L, 1613078450L, -886462480L, 
-1321957948L, -845711016L, 1019024762L, -1222625872L, 805206460L, 
-1008383404L, -1226199614L, 1514208032L, 562973628L, -2146302896L, 
195956706L, 1213150056L, -469874868L, -1737299204L, 1482488562L, 
-1595805440L, -748235660L, -815240696L, 2144025018L, 191424976L, 
-1638528020L, 1874327444L, -171426606L, -2107905952L, -658927284L, 
1422112544L, -1815012734L, -1960826392L, 915330028L, 530198076L, 
2112023154L, 1800531824L, 1164927268L, -1890881992L, -615924326L, 
-1293122096L, 1823433148L, 1814622868L, 1307084418L, 141185472L, 
781438780L, 888710800L, -1975143646L, -502004216L, -1662904564L, 
-878004324L, -123703278L, -1875049600L, 2007478036L, 1275005224L, 
2061692986L, 1494484944L, -169342356L, 1949883444L, -777362286L, 
1775627616L, 980570444L, 721992160L, -1364979806L, 1046908840L, 
138306700L, 121193404L, -323815310L, -608467984L, -2109964220L, 
1004004440L, 396222522L, 1453760624L, -808046020L, -226780396L, 
-1556816190L, -499233056L, -2049387396L, 498139344L, -697887838L, 
-1831452120L, 1917084940L, -1941673028L, 633660722L, 1746427072L, 
-1264177612L, 1100691144L, 275838650L, -415178608L, 1544342252L, 
1062861396L, -592388462L, -209044704L, -1461539892L, 2103012576L, 
1367558850L, -1349275608L, 284502956L, 1146661564L, -1167780366L, 
971081264L, -349278300L, 1122096568L, -105185446L, -1495422832L, 
923954044L, 2125366036L, 1295323458L, 736142080L, -1280467012L, 
217326416L, 1969116450L, -1812574648L, 1149245452L, 1855512668L, 
-1279284782L, 1252379136L, -2110373548L, -1095846680L, 267291898L, 
-1550338352L, -894517972L, -137934604L, 824321426L, 438942048L, 
20903948L, 939339488L, 1392044642L, 117677736L, -701229492L, 
-1839429953L, -571185143L, 835983646L, 484695244L, -346949475L, 
-872989401L, -294940848L, 2043855342L, 1767909019L, -1643394819L, 
780390378L, -875759480L, 1688618545L, 227590307L, -1588267868L, 
-85093038L, -552247129L, -376163087L, -148495306L, -1825968940L, 
398004325L, 1505401455L, 1613583528L, 249999878L, -1080634573L, 
62547861L, -675290126L, -215181248L, -590009943L, -1982371813L, 
1014937068L, -2020669958L, 1316213295L, 110968377L, 33122382L, 
-1765429092L, -1850895859L, -1032409481L, -278731136L, -1213799202L, 
557209515L, 1525987501L, -816603878L, 2103163352L, -1876409791L, 
1893636339L, 879154964L, 88800930L, 1831565239L, -207740031L, 
1645515142L, 1729733572L, 1998499573L, -145769633L, 172099000L, 
-1641079658L, -1396755805L, -1350806427L, 1302487426L, -367142160L, 
-433017191L, 1912664715L, 1390654332L, -118299222L, 276475359L, 
29719401L, 1624963966L, -1182346388L, 618919869L, 565314695L, 
2089105520L, -1038884082L, 358977595L, 1863647005L, -892785206L, 
642868968L, 34793937L, 665377731L, -2001890108L, -481203342L, 
-96627129L, -2012756463L, -1781381226L, 1345952500L, 1911803013L, 
1550430671L, -345873208L, -1954364058L, 288110483L, -631342859L, 
-191475502L, 286496L, -230285559L, -1175066565L, 956538252L, 
-822389734L, 719784079L, 990486489L, -634158994L, -2112486404L, 
-1881812627L, -1553970409L, 1495096032L, -135886658L, -304560501L, 
-940540659L, -976350918L, -63045256L, 1064923937L, 1873093587L, 
-696194316L, -79019134L, -611347945L, 1377951969L, 1710272038L, 
-1674877148L, -728315947L, -1156038785L, 795585048L, -256816842L, 
-332736573L, 2117948933L, 392418722L, 567777680L, 974307641L, 
-2082728469L, 518010588L, 497910538L, 282480127L, -570289079L, 
-928258594L, 698791308L, -87375523L, 1219066215L, -1616803184L, 
-55819090L, 1973269851L, -606340803L, -1173109846L, 1725445192L, 
-1759224719L, 800299491L, -148278044L, 282136594L, 425772007L, 
-1687508047L, 1662395894L, -2023806956L, 419063589L, -1851604945L, 
